void setup(){
  size(700,800);
  background(255);
  strokeWeight(7);
  rect(0,0,150,150);
  rect(0,150,150,150);
  rect(0,300,150,200);
  rect(0,500,150,300);
  line(0,100,700,100);
  line(0,0,700,0);
  line(0,500,700,500);
  line(400,0,400,150);
  line(0,150,700,150);
  line(600,0,600,450);
  line(150,450,700,450);
  line(640,0,640,800);
  line(60,0,60,100);
  line(60,300,60,800);
  line(190,150,190,800);
  line(500,450,500,800);
  fill(125);
  rect(0,150,150,150);
  rect(60,700,90,100);
  rect(150,450,40,50);
  rect(640,620,60,180);
  rect(600,100,40,50);
  fill(200);
  rect(150,0,250,100);
  rect(190,500,310,200);
  fill(50);
  rect(60,300,90,200);
  rect(0,500,60,130);
  rect(640,150,60,150);
  rect(400,100,200,50);
  rect(150,700,40,100);
  rect(500,450,140,50);
  }
